  9.5000000e-002  4.1500000e-001  2.2700000e-001  2.6300000e-001  1.2462500e+001  2.7046250e+002  7.8246250e+002  6.5946250e+002
  9.1000000e-002  2.9900000e-001  3.4300000e-001  2.6700000e-001 -1.3326634e+002  1.2473366e+002  6.3673366e+002  5.1373366e+002
  5.3000000e-002  9.4000000e-002  7.4000000e-001  1.1200000e-001  2.6437724e+001  2.8443772e+002  7.9643772e+002  6.7343772e+002
  1.5100000e-001  1.5700000e-001  5.0000000e-001  1.9200000e-001  8.7131868e+001  3.4513187e+002  8.5713187e+002  7.3413187e+002
  2.4900000e-001  1.7800000e-001  3.6200000e-001  2.1200000e-001 -9.9900000e+002 -9.9900000e+002 -9.9900000e+002 -9.9900000e+002
  5.1000000e-002  6.4900000e-001  1.0700000e-001  1.9300000e-001 -6.3707350e+001  1.9429265e+002  7.0629265e+002  5.8329265e+002
  6.1000000e-002  3.2900000e-001  1.7400000e-001  4.3600000e-001 -3.8942755e+002 -1.3142755e+002  3.8057245e+002  2.5757245e+002
  1.0400000e-001  1.8000000e-001  4.1800000e-001  2.9800000e-001 -5.0344566e+002 -2.4544566e+002  2.6655434e+002  1.4355434e+002
  2.0400000e-001  1.6800000e-001  3.9700000e-001  2.3100000e-001 -4.8996237e+002 -2.3196237e+002  2.8003763e+002  1.5703763e+002
  3.3200000e-001  1.6300000e-001  2.9900000e-001  2.0600000e-001 -5.2047872e+002 -2.6247872e+002  2.4952128e+002  1.2652128e+002
  8.6000000e-002  4.5700000e-001  1.4100000e-001  3.1600000e-001 -3.0561165e+002 -4.7611650e+001  4.6438835e+002  3.4138835e+002
  7.3000000e-002  2.4400000e-001  1.2500000e-001  5.5900000e-001 -2.6818824e+002 -1.0188235e+001  5.0181176e+002  3.7881176e+002
  1.5800000e-001  2.1100000e-001  2.3400000e-001  3.9800000e-001 -6.6188868e+002 -4.0388868e+002  1.0811132e+002 -1.4888679e+001
  3.1300000e-001  1.7500000e-001  2.5900000e-001  2.5300000e-001 -7.3301019e+002 -4.7501019e+002  3.6989811e+001 -8.6010189e+001
  5.2500000e-001  1.2500000e-001  1.8800000e-001  1.6200000e-001 -6.9566667e+002 -4.3766667e+002  7.4333333e+001 -4.8666667e+001
  1.3900000e-001  3.4500000e-001  1.7900000e-001  3.3800000e-001 -9.9900000e+002 -9.9900000e+002 -9.9900000e+002 -9.9900000e+002
  1.5600000e-001  2.8300000e-001  1.8400000e-001  3.7700000e-001  5.9091435e+002  8.4891435e+002  1.3609144e+003  1.2379144e+003
  2.3300000e-001  2.2600000e-001  2.0800000e-001  3.3300000e-001  2.1459780e+001  2.7945978e+002  7.9145978e+002  6.6845978e+002
  4.0500000e-001  1.6900000e-001  1.9500000e-001  2.3100000e-001 -5.7414566e+002 -3.1614566e+002  1.9585434e+002  7.2854340e+001
  7.6100000e-001  6.8000000e-002  8.5000000e-002  8.6000000e-002 -5.1022386e+002 -2.5222386e+002  2.5977614e+002  1.3677614e+002
  1.8300000e-001  3.0400000e-001  1.9700000e-001  3.1600000e-001 -9.9900000e+002 -9.9900000e+002 -9.9900000e+002 -9.9900000e+002
  2.1200000e-001  2.7000000e-001  1.9900000e-001  3.1900000e-001 -9.9900000e+002 -9.9900000e+002 -9.9900000e+002 -9.9900000e+002
  2.8100000e-001  2.2800000e-001  2.0200000e-001  2.8900000e-001  7.7906494e+002  1.0370649e+003  1.5490649e+003  1.4260649e+003
  4.0300000e-001  1.8100000e-001  1.8700000e-001  2.2900000e-001  2.9865917e+001  2.8786592e+002  7.9986592e+002  6.7686592e+002
  5.4700000e-001  1.3500000e-001  1.5200000e-001  1.6600000e-001 -2.7480975e+002 -1.6809750e+001  4.9519025e+002  3.7219025e+002
