11.33	1	6
11.23	2	6
11.14	3	6
11.04	4	6
10.95	5	6
10.85	6	6
10.76	7	7
10.67	8	7
10.57	9	7
10.48	10	7
10.39	11	7
10.29	12	7
10.20	13	7
10.11	14	7
10.02	15	7
9.93	16	7
9.84	17	7
9.75	18	7
9.66	19	7
9.57	20	7
9.48	21	7
9.39	22	8
9.31	23	8
9.22	24	8
9.14	25	8
9.05	26	8
8.97	27	8
8.89	28	8
8.80	29	8
8.72	30	8
8.64	31	8
8.57	32	8
8.49	33	8
8.41	34	8
8.34	35	8
8.26	36	8
8.19	37	8
8.12	38	8
8.05	39	9
7.98	40	9
7.91	41	9
7.85	42	9
7.78	43	9
7.72	44	9
7.66	45	9
7.60	46	9
7.54	47	9
7.48	48	9
7.42	49	9
7.37	50	9
7.31	51	9
7.26	52	9
7.21	53	9
7.16	54	9
7.12	55	9
7.07	56	9
7.03	57	9
6.98	58	9
6.94	59	9
6.91	60	9
6.87	61	10
6.83	62	10
6.80	63	10
6.77	64	10
6.74	65	10
6.71	66	10
6.68	67	10
6.66	68	10
6.63	69	10
6.61	70	10
6.59	71	10
6.57	72	10
6.56	73	10
6.54	74	10
6.53	75	10
6.52	76	10
6.51	77	10
6.50	78	10
6.50	79	10
6.50	80	10
6.49	81	10
6.49	82	10
6.50	83	10
6.50	84	10
6.50	85	10
6.51	86	10
6.52	87	10
6.53	88	10
6.55	89	10
6.56	90	10
6.58	91	10
6.59	92	10
6.62	93	10
6.64	94	10
6.67	95	10
6.69	96	10
6.72	97	10
6.75	98	10
6.78	99	10
6.81	100	10
6.85	101	10
6.89	102	10
6.92	103	10
6.96	104	10
7.01	105	10
7.05	106	10
7.09	107	10
7.14	108	10
7.19	109	10
7.24	110	10
7.29	111	10
7.34	112	10
7.40	113	10
7.45	114	10
7.51	115	10
7.57	116	10
7.63	117	10
7.69	118	10
7.75	119	10
7.82	120	9
7.89	121	9
7.95	122	9
8.02	123	9
8.09	124	9
8.16	125	9
8.24	126	9
8.31	127	9
8.39	128	9
8.46	129	9
8.54	130	9
8.62	131	9
8.70	132	9
8.78	133	9
8.86	134	9
8.95	135	9
9.03	136	9
9.11	137	9
9.20	138	9
9.29	139	9
9.37	140	9
9.46	141	9
9.55	142	9
9.64	143	8
9.73	144	8
9.82	145	8
9.91	146	8
10.01	147	8
10.10	148	8
10.19	149	8
10.29	150	8
10.38	151	8
10.47	152	8
10.57	153	8
10.66	154	8
10.76	155	8
10.86	156	8
10.95	157	8
11.05	158	8
11.14	159	8
11.24	160	7
11.34	161	7
11.43	162	7
11.53	163	7
11.62	164	7
11.72	165	7
11.82	166	7
11.91	167	7
12.01	168	7
12.10	169	7
12.20	170	7
12.29	171	7
12.39	172	7
12.48	173	7
12.57	174	7
12.67	175	6
12.76	176	6
12.85	177	6
12.94	178	6
13.03	179	6
13.12	180	6
13.21	181	6
13.30	182	6
13.39	183	6
13.48	184	6
13.56	185	6
13.65	186	6
13.73	187	6
13.82	188	6
13.90	189	5
13.98	190	5
14.07	191	5
14.15	192	5
14.23	193	5
14.31	194	5
14.38	195	5
14.46	196	5
14.54	197	5
14.61	198	5
14.69	199	5
14.76	200	5
14.83	201	5
14.90	202	5
14.97	203	5
15.04	204	4
15.11	205	4
15.17	206	4
15.24	207	4
15.30	208	4
15.37	209	4
15.43	210	4
15.49	211	4
15.55	212	4
15.61	213	4
15.66	214	4
15.72	215	4
15.77	216	4
15.83	217	4
15.88	218	4
15.93	219	4
15.98	220	4
16.03	221	3
16.08	222	3
16.12	223	3
16.17	224	3
16.21	225	3
16.26	226	3
16.30	227	3
16.34	228	3
16.38	229	3
16.42	230	3
16.45	231	3
16.49	232	3
16.53	233	3
16.56	234	3
16.59	235	3
16.62	236	3
16.65	237	3
16.68	238	3
16.71	239	3
16.73	240	3
16.76	241	3
16.78	242	3
16.81	243	3
16.83	244	2
16.85	245	2
16.87	246	2
16.89	247	2
16.90	248	2
16.92	249	2
16.93	250	2
16.95	251	2
16.96	252	2
16.97	253	2
16.98	254	2
16.99	255	2
17.00	256	2
17.01	257	2
17.01	258	2
17.02	259	2
17.02	260	2
17.02	261	2
17.02	262	2
17.02	263	2
17.02	264	2
17.02	265	2
17.02	266	2
17.01	267	2
17.01	268	2
17.00	269	2
16.99	270	2
16.98	271	2
16.97	272	2
16.96	273	2
16.95	274	2
16.94	275	2
16.92	276	2
16.91	277	2
16.89	278	2
16.87	279	2
16.85	280	2
16.83	281	2
16.81	282	2
16.79	283	2
16.77	284	2
16.74	285	2
16.72	286	2
16.69	287	2
16.66	288	2
16.63	289	2
16.60	290	2
16.57	291	2
16.54	292	2
16.50	293	2
16.47	294	2
16.43	295	2
16.40	296	2
16.36	297	2
16.32	298	2
16.28	299	2
16.24	300	2
16.19	301	2
16.15	302	2
16.10	303	3
16.06	304	3
16.01	305	3
15.96	306	3
15.91	307	3
15.86	308	3
15.81	309	3
15.76	310	3
15.70	311	3
15.65	312	3
15.59	313	3
15.54	314	3
15.48	315	3
15.42	316	3
15.36	317	3
15.30	318	3
15.23	319	3
15.17	320	3
15.10	321	3
15.04	322	3
14.97	323	3
14.90	324	3
14.83	325	4
14.76	326	4
14.69	327	4
14.62	328	4
14.55	329	4
14.47	330	4
14.40	331	4
14.32	332	4
14.25	333	4
14.17	334	4
14.09	335	4
14.01	336	4
13.93	337	4
13.85	338	4
13.77	339	4
13.68	340	4
13.60	341	4
13.51	342	5
13.43	343	5
13.34	344	5
13.26	345	5
13.17	346	5
13.08	347	5
12.99	348	5
12.90	349	5
12.81	350	5
12.72	351	5
12.63	352	5
12.54	353	5
12.45	354	5
12.36	355	5
12.27	356	5
12.17	357	6
12.08	358	6
11.99	359	6
11.89	360	6
11.80	361	6
11.70	362	6
11.61	363	6
11.52	364	6
11.42	365	6
11.38	366	6