  4.9000000e+000  5.8800000e+001
  6.0000000e+000  6.0000000e+000
  6.6000000e+000  9.9000000e+000
  7.4000000e+000  1.1100000e+001
  7.4000000e+000  3.7000000e+001
  7.9000000e+000  7.9000000e+000
  7.9000000e+000  1.5600000e+001
  7.9000000e+000  3.1600000e+001
  8.1000000e+000  1.2200000e+001
  9.6000000e+000  6.7000000e+000
  9.8000000e+000  9.8000000e+000
  1.0100000e+001  2.0200000e+001
  1.0900000e+001  1.6400000e+001
  1.0900000e+001  1.6200000e+001
  1.1100000e+001  1.6700000e+001
  1.1300000e+001  1.7000000e+001
  1.1400000e+001  1.7100000e+001
  1.2700000e+001  3.1800000e+001
  1.2900000e+001  1.9400000e+001
  1.3000000e+001  1.9500000e+001
  1.3100000e+001  3.9300000e+001
  1.3100000e+001  2.3600000e+001
  1.3100000e+001  1.9700000e+001
  1.3200000e+001  1.9800000e+001
  1.3300000e+001  2.0000000e+001
  1.3300000e+001  2.6600000e+001
  1.3700000e+001  3.4300000e+001
  1.4300000e+001  2.1500000e+001
  1.4300000e+001  2.8600000e+001
  1.4300000e+001  4.2900000e+001
  1.4500000e+001  3.6300000e+001
  1.4700000e+001  4.4100000e+001
  1.4800000e+001  2.2200000e+001
  1.4900000e+001  1.4900000e+001
  1.5000000e+001  1.5000000e+001
  1.5200000e+001  3.8000000e+001
  1.5300000e+001  2.3000000e+001
  1.6000000e+001  2.4000000e+001
  1.6200000e+001  2.4300000e+001
  1.6500000e+001  2.4800000e+001
  1.6900000e+001  3.3800000e+001
  1.8100000e+001  9.0500000e+001
  1.9200000e+001  3.8400000e+001
